z hmass bhmass stmass dymass gmass
10.428571450728723 253498671.39061117 2757105.5 221529.6248643366 2927355.7688838528 120163997.95433913 
10.250000033178221 267581930.9123118 3325670.0 221529.6248643366 2927355.7688838528 83026138.69190502 
10.07692310531341 290109241.2164157 4010897.25 221529.6248643366 2927355.7688838528 71395833.38484907 
9.90909093031712 416858576.9117213 4857513.0 221529.6248643366 2927355.7688838528 78737958.0946385 
9.746268663958205 377428402.71626806 5882826.0 221529.6248643366 2927355.7688838528 68610889.52941169 
9.588235352470946 363345143.19456744 7155532.0 221529.6248643366 2927355.7688838528 68515948.27168238 
9.43478265303356 267581930.9123118 8699201.0 221529.6248643366 2927355.7688838528 58895233.13471689 
9.285714338972939 199985237.67345732 10568165.0 221529.6248643366 2927355.7688838528 52233520.85254504 
9.140845098831553 211248892.8255093 12892557.0 221529.6248643366 2927355.7688838528 59559822.01937959 
9.000000038166535 218290522.58635962 15706271.0 221529.6248643366 2927355.7688838528 71886363.27015552 
8.86301371689571 215470918.21671095 19214224.0 221529.6248643366 2927355.7688838528 83437550.86243704 
8.72972974418902 221095364.6294656 23345826.0 221529.6248643366 2927355.7688838528 92520265.4852314 
8.600000022507658 223914968.99911425 28808122.0 221529.6248643366 3180532.6709821317 101998568.73560292 
8.473684255249513 211248892.8255093 35303800.0 221529.6248643366 3180532.6709821317 106729808.56245872 
8.350649381560412 226734573.3687629 43438224.0 221529.6248643366 3686886.0455384417 114799816.32873039 
8.230769254416389 228136994.39031592 53326736.0 221529.6248643366 4193239.4200947513 119230408.83944339 
8.113924083191586 222512547.97756127 65734192.0 221529.6248643366 4446416.107372906 122585000.3083879 
8.00000001328246 233776203.12961322 80862456.0 221529.6248643366 4952769.4819292165 128740359.17572467 
7.888888930525614 245039858.28166518 99820664.0 221529.6248643366 4952769.4819292165 131620244.28889135 
7.780487834629815 256303513.43371716 123708592.0 221529.6248643366 4952769.4819292165 133044363.31594607 
7.6746988347809335 273206377.32506645 153005056.0 221529.6248643366 4952769.4819292165 135671071.72840837 
7.571428615800144 278845586.0643637 189999552.0 221529.6248643366 4952769.4819292165 135955895.5553013 
7.470588269496647 287289636.84676707 235295952.0 221529.6248643366 4952769.4819292165 137649014.85286784 
7.372093041276534 294331266.6076174 292397152.0 221529.6248643366 4952769.4819292165 138202838.90999386 
7.275862091395776 297150870.977266 364575968.0 221529.6248643366 4952769.4819292165 142459372.4213506 
7.1818182242299216 299970475.34691465 449964352.0 221529.6248643366 4952769.4819292165 146082964.14738065 
7.089887678533749 308414526.129318 565497280.0 237353.1694975035 5949653.010317137 152792147.08526966 
7.000000018746457 304192500.7381163 703431744.0 269000.25876383734 7215536.446707912 150798380.47156033 
6.912087943117583 323914968.9991143 878160192.0 474706.3389950072 8987774.116935493 155798620.5823542 
6.826086971445962 312636551.5205196 1100300160.0 601294.6960603421 12279071.051551508 153282677.0108549 
6.741935496813265 318275760.25981694 1383892736.0 1376648.3830855202 16076722.22000433 146051317.1957335 
6.659574490472182 308414526.129318 1733386880.0 1629825.0972161905 16836252.281838793 141161841.92590255 
6.578947393033193 308414526.129318 2178896640.0 1851354.722080527 18102135.71822957 137300897.05554923 
6.5000000110594085 299970475.34691465 2749339648.0 2326061.0610755347 44321749.93900554 107204515.01222035 
6.422680418764917 294331266.6076174 3452912896.0 2326061.0610755347 50635344.32987496 97140740.64566559 
6.346938782539225 285887215.825214 4352240128.0 2326061.0610755347 54939349.73216459 89861910.08084318 
6.27272727615381 285887215.825214 5505122816.0 2326061.0610755347 58230648.3853416 87124436.85427046 
6.200000000017871 274623560.6731621 6928693248.0 2326061.0610755347 62028296.97595292 81839372.94343615 
6.128712904264023 285887215.825214 8825513984.0 2326061.0610755347 65161357.40691947 77836016.14621007 
6.058823557905113 278845586.0643637 11186752512.0 2326061.0610755347 67693127.71682301 79687370.87332545 
5.9902912816501095 264762326.54266313 14166359040.0 2262766.882542867 69212184.40336995 81064019.28494176 
5.923076924597989 267581930.9123118 18000617472.0 2246943.3379097003 70984426.37000002 88437791.09406723 
5.857142882537169 260540301.15146148 22844254208.0 2246943.3379097003 72503483.05654696 88896673.89346392 
5.79245284921325 263345143.19456747 29088350208.0 2215296.2486433666 73263011.39982043 99656684.28429618 
5.728971993928865 243637437.2601122 36813258752.0 2199472.7040101998 74782074.96061134 106666514.59203306 
5.66666668228044 229554177.73841158 47197548544.0 2215296.2486433666 76554310.05299744 107331103.46326949 
5.605504617152788 233776203.12961322 60133220352.0 2231119.7932765335 79339258.76874013 117917054.8547455 
5.5454545697402144 219692943.6079126 76861054976.0 2215296.2486433666 81269725.20909269 122316000.23926996 
5.486486486561121 226734573.3687629 98597396480.0 2278590.427176034 83041967.17572276 126050356.79283673 
5.428571446793973 17103631532.329494 125598523392.0 288210041.9485019 84561023.86226971 1826464290.0261762 
5.371681443677108 17267493356.953056 162175254528.0 289776572.8671854 86333265.82889977 1864583208.9451 
5.315789494186491 17273398287.57012 207965634560.0 290298749.8400799 87345972.57801239 1926927974.6923676 
5.260869567932341 17187776793.622673 267583488000.0 291026632.8932056 87994736.22801174 1984889618.6719098 
5.206896554009874 17212872748.7452 341742616576.0 291754515.94633126 89007442.97712435 2053801155.6383007 
5.153846160536542 17567168585.769115 442589413376.0 292403281.27629113 89007442.97712435 2152081191.376718 
5.101694921122881 17702981989.961617 568847433728.0 293669164.8469445 89513792.91455868 2231214738.2734747 
5.0504202007188495 17893416002.361973 737728790528.0 294887577.7836983 90779678.06951044 2293448739.4348783 
5.000000000007449 18080897549.453793 952139644928.0 296454108.70238185 94814680.55631548 2351267971.7728558 
4.950413234078262 18473575435.488632 1232443146240.0 298147227.9781307 97314801.84692813 2388279242.644659 
4.901639371455913 19416888101.564808 1595543650304.0 300758112.84260327 99957336.85010579 2454722306.9503665 
4.853658547788147 22629170357.248302 2059902648320.0 304856410.9025935 102489100.28576535 2568525240.495867 
4.806451641410779 19062592264.54089 2683262992384.0 307688825.39193034 105226575.47257172 2475783445.3891273 
4.760000023668544 26362562739.887806 3485502013440.0 372755240.92351264 108660287.83831374 2728469630.76901 
