 wav[um] flux[uJy] fluxerr[uJy] wave_AA flux_flam fluxerr_flam wave_AA_rest
0 3.462541735546464 -13.678993225097656 5.2708067893981925 34625.41735546464 -3.422830202507829e-19 1.3188892174633458e-19 2595.6084974111427
1 3.462541981426821 -21.97360038757324 5.262961864471436 34625.41981426821 -5.498349998785401e-19 1.3169260317252905e-19 2595.6086817292507
2 3.750474716345416 -2.1520884037017822 3.2245373725891118 37504.74716345416 -4.5899597589164514e-20 6.877271749547112e-20 2811.45031210301
3 3.8997208032325936 0.31162747740745544 3.0774359703063965 38997.208032325936 6.147378705028965e-21 6.070762600056619e-20 2923.3289379554676
4 4.010204047847489 -2.1646571159362793 2.800760507583618 40102.0404784749 -4.038103314054058e-20 5.22473522678594e-20 3006.149960905165
5 4.112374932227562 1.661777138710022 2.639094829559326 41123.74932227562 2.9478720434208643e-20 4.6815626998176203e-20 3082.7398292560433
6 4.210148447891012 1.1646634340286255 2.3789353370666504 42101.48447891012 1.9711826910585233e-20 4.026327282683454e-20 3156.0333192586295
7 4.303364999464556 -1.3653903007507324 1.918805122375488 43033.64999464556 -2.2118807123395283e-20 3.1083918192381035e-20 3225.910794201316
8 4.392230557750386 0.7686052322387694 1.472302794456482 43922.30557750386 1.195237837471719e-20 2.2895394597093533e-20 3292.526654985297
9 4.4771726571611 1.714578628540039 0.8740806579589844 44771.726571611 2.5660846293161536e-20 1.3081726925996861e-20 3356.2013921747375
10 4.55865354556191 0.021328644827008247 0.45042821764945984 45586.5354556191 3.0790117213862433e-22 6.502399815058182e-21 3417.2815184122264
11 4.637135470818032 0.1056756153702736 0.18481968343257904 46371.354708180326 1.4743360089392398e-21 2.578516467499581e-21 3476.1135463403543
12 4.713080680794672 0.02947350218892097 0.09495792537927629 47130.80680794672 3.980551527064866e-22 1.2824567384376654e-21 3533.043988601703
13 4.786907292296954 0.07882329076528549 0.06777089089155197 47869.07292296954 1.0319669378919156e-21 8.872671779184719e-22 3588.386276084673
14 4.858838376069904 -0.17197886109352112 0.05273784324526786 48588.383760699035 -2.185402408342144e-21 6.701603261362728e-22 3642.3076282383086
15 4.928978776571737 -0.07882208377122879 0.04356418550014496 49289.787765717374 -9.733191546910644e-22 5.379438626473246e-22 3694.8866391092483
16 4.997414813789307 -0.01853128895163536 0.039834167808294296 49974.14813789307 -2.226055986806769e-22 4.785046952780568e-22 3746.1880163338133
17 5.064232807709461 0.003478874685242772 0.0394696407020092 50642.32807709461 4.0694218717087375e-23 4.616970534252887e-22 3796.2764675483213
18 5.129519078319048 -0.03035555779933929 0.03872523456811905 51295.19078319048 -3.461036453342204e-22 4.415318255407084e-22 3845.216700389092
19 5.193359945604919 -0.02422412857413292 0.03969563543796539 51933.59945604919 -2.694465141703783e-22 4.415370635028411e-22 3893.073422492443
20 5.255841729553918 -0.04154970496892929 0.040296770632267 52558.41729553918 -4.512369359940104e-22 4.37629853789697e-22 3939.911341494691
21 5.317050750152893 0.006972643081098794 0.04279492795467377 53170.507501528926 7.399069018778021e-23 4.541213739286445e-22 3985.7951650321534
22 5.377073327388688 0.0037651478778570886 0.04313776269555092 53770.73327388688 3.906711803456276e-23 4.475967801650347e-22 4030.7896007411455
23 5.435995781248152 0.032903097569942474 0.05238916352391242 54359.957812481516 3.340410329696742e-22 5.31868778091323e-22 4074.959356257985
24 5.4939044317181205 -0.04199792817234993 0.05591776594519615 54939.04431718121 -4.1743313572165796e-22 5.557876161238957e-22 4118.369139218981
25 5.550878153595451 -0.07501449435949324 0.05815043300390244 55508.78153595451 -7.303702120734456e-22 5.661751698503327e-22 4161.078076158509
26 5.606962914858029 -0.013264469802379608 0.05833093076944351 56069.62914858029 -1.2657728695802625e-22 5.56627673215258e-22 4203.1206258306065
27 5.662184732457819 -0.08500844985246657 0.06036560237407684 56621.847324578186 -7.9545438949563265e-22 5.648624750403461e-22 4244.516291197765
28 5.716566496754062 -0.12198523432016373 0.05815441161394119 57165.66496754062 -1.119845218743876e-21 5.338673992608843e-22 4285.282231449822
29 5.770131098105998 -0.023768195882439613 0.06213611736893654 57701.31098105998 -2.1416382347492983e-22 5.598787782395439e-22 4325.43560577661
30 5.822901426872866 0.0021856683306396008 0.06600882858037949 58229.01426872866 1.933867157342865e-23 5.840424363421853e-22 4364.993573367965
31 5.874900373413904 0.20110623538494113 0.06880710273981094 58749.003734139034 1.748017509434671e-21 5.980720594388201e-22 4403.973293413721
32 5.926150828088352 -0.1690514087677002 0.06950381398200989 59261.50828088352 -1.4440912871679458e-21 5.937238436994279e-22 4442.391925103712
33 5.97667568125545 -0.126622274518013 0.0735713019967079 59766.75681255449 -1.0634375359071058e-21 6.178887909467031e-22 4480.266627627773
34 6.026497823274436 -0.064195916056633 0.07579806447029114 60264.97823274436 -5.302719407943837e-22 6.261081580276963e-22 4517.614560175739
35 6.075640144504545 0.04039145261049271 0.07498987019062042 60756.40144504545 3.2826655751068804e-22 6.094523703575228e-22 4554.45288193744
36 6.124125535305019 0.07175678759813309 0.07537428289651871 61241.25535305019 5.739790931130394e-22 6.0291526403441e-22 4590.798752102713
37 6.171976886035096 0.04707510024309158 0.07596883177757262 61719.76886035096 3.7073528840107627e-22 5.982850087012705e-22 4626.669329861391
38 6.219217087054011 -0.03748666122555733 0.07449670881032942 62192.1708705401 -2.9075459247470167e-22 5.778124672273162e-22 4662.081774403307
39 6.265869028721 -0.07940465956926346 0.07827988266944885 62658.69028721 -6.067427800216933e-22 5.981481929181191e-22 4697.053244918291
40 6.3119556013953035 0.053983382880687714 0.07927829772233963 63119.556013953035 4.0649338280511676e-22 5.969633932614057e-22 4731.60090059618
41 6.357499695436156 0.03539026528596878 0.08224039524793626 63574.99695436156 2.6268324751146477e-22 6.104270178759966e-22 4765.741900626804
42 6.4025242012027945 -0.09096673130989073 0.0819448307156563 64025.24201202794 -6.657349951906234e-22 5.997087143489822e-22 4799.493404199996
43 6.4470520090544525 -0.15588918328285217 0.0895744115114212 64470.52009054452 -1.125161566475375e-21 6.465213496527887e-22 4832.872570505587
44 6.49110600935037 -0.1116236224770546 0.08825283497571945 64911.06009350369 -7.947672510551684e-22 6.283657660894859e-22 4865.8965587334105
45 6.534709092449779 0.1249457001686096 0.08950391411781311 65347.09092449779 8.777888345637948e-22 6.287974404589503e-22 4898.582528073298
46 6.577884148711914 0.30680111050605774 0.09390796720981598 65778.84148711913 2.127187348506811e-21 6.511053347988737e-22 4930.947637715078
47 6.620654068496014 0.6930274963378905 0.09399581700563431 66206.54068496014 4.743183512709014e-21 6.433213860065461e-22 4963.009046848587
48 6.66304174216131 0.7011651396751404 0.09473899751901625 66630.41742161309 4.738015776853439e-21 6.401842298325724e-22 4994.78391466365
49 6.705067894042856 0.3490293025970459 0.09782925248146056 67050.67894042857 2.329039127332732e-21 6.528052376452902e-22 5026.2877766438205
50 6.74674367393982 -0.011066059581935404 0.09796152263879776 67467.4367393982 -7.293329554344891e-23 6.456369251946616e-22 5057.528990959385
51 6.788074423254033 -0.07243327796459198 0.10174012184143066 67880.74423254032 -4.715917554028322e-22 6.623999907549759e-22 5088.511561659695
52 6.829064572742552 -0.13151536881923676 0.10227320343255995 68290.64572742552 -8.4600966288818775e-22 6.579011953910835e-22 5119.238810151838
53 6.86971855316244 -0.1611442267894745 0.1031517907977104 68697.1855316244 -1.024372983978086e-21 6.557225775154836e-22 5149.714057842909
54 6.910040795270753 -0.0793367251753807 0.10575143247842787 69100.40795270752 -4.984645781113852e-22 6.644254985129116e-22 5179.9406261399945
55 6.950035729824551 0.09473942965269087 0.10643776506185532 69500.35729824551 5.884071562722866e-22 6.6106311690515e-22 5209.9218364501885
56 6.989707787580889 -0.07627114653587341 0.10811785608530045 69897.07787580889 -4.683424135488193e-22 6.638968989786624e-22 5239.661010180576
57 7.029061399296828 -0.03662005066871643 0.11128783226013184 70290.61399296828 -2.2235429450701013e-22 6.757316545865787e-22 5269.161468738253
58 7.068100995729425 -0.2551734149456024 0.11227916181087493 70681.00995729426 -1.5323260595727315e-21 6.742406360257558e-22 5298.426533530304
59 7.106831007635741 0.1168159395456314 0.11520101875066756 71068.3100763574 6.938592526256173e-22 6.842670022854531e-22 5327.459525963824
60 7.145255865772833 -0.23742184042930603 0.11632249504327774 71452.55865772832 -1.39510325386977e-21 6.835171146836742e-22 5356.263767445901
61 7.1833800008977535 0.06980081647634506 0.11864964663982391 71833.80000897753 4.058112429757183e-22 6.898108505343076e-22 5384.842579383623
62 7.221207843767571 0.027886809781193733 0.11944640427827836 72212.07843767571 1.6043547284903127e-22 6.87186540908152e-22 5413.199283184086
63 7.258743825139336 -0.049641285091638565 0.12407074123620986 72587.43825139337 -2.826450157127781e-22 7.064276547528643e-22 5441.337200254376
64 7.295992375770108 -0.3190031349658966 0.12315424531698226 72959.92375770108 -1.7978251966403623e-21 6.94067803840765e-22 5469.25965200158
65 7.332957926416943 0.1167612001299858 0.1268012374639511 73329.57926416943 6.514204955144021e-22 7.074347030404786e-22 5496.969959832791
66 7.369644907836903 0.04951371997594833 0.12897072732448575 73696.44907836903 2.7349770442126197e-22 7.123924010945171e-22 5524.4714451551
67 7.406057750787043 0.06476953625679016 0.12975560128688812 74060.57750787043 3.5425652138136787e-22 7.096973453599765e-22 5551.7674293755945
68 7.442200886024422 -0.089059479534626 0.13138701021671295 74422.00886024423 -4.823903708647893e-22 7.116572982061294e-22 5578.861233901366
69 7.478078744306096 -0.021402891725301743 0.1338719129562378 74780.78744306095 -1.1481896856610603e-22 7.181756167759169e-22 5605.756180139501
70 7.513695756389123 0.07635602355003358 0.13598136603832245 75136.95756389124 4.0574889576351916e-22 7.225924890956422e-22 5632.4555894970945
71 7.549056353030561 0.04726191237568855 0.13546253740787506 75490.56353030562 2.4879818663650092e-22 7.131077006861696e-22 5658.962783381231
72 7.584164964987469 -0.0820358172059059 0.13658107817173004 75841.64964987469 -4.278674232735075e-22 7.123546272304157e-22 5685.281083199002
73 7.619026023016899 -0.2303636074066162 0.13970379531383514 76190.26023016899 -1.190518673205529e-21 7.219889413575271e-22 5711.413810357496
74 7.6536439578759135 0.14992108941078186 0.14118540287017822 76536.43957875913 7.6779887869577e-22 7.230603408631412e-22 5737.3642862638035
75 7.688023200321567 -0.0031247355509549375 0.1401223391294479 76880.23200321567 -1.586007193434003e-23 7.112123064372181e-22 5763.135832325013
76 7.72216818111092 -0.060186930000782006 0.14173613488674164 77221.6818111092 -3.027923750025693e-22 7.130554907100829e-22 5788.7317699482155
77 7.756083331001024 -0.28176021575927734 0.1426536440849304 77560.83331001025 -1.4051283394149291e-21 7.114087327211545e-22 5814.155420540498
78 7.789773080748938 -0.12707450985908508 0.14733541011810303 77897.73080748938 -6.282465098650238e-22 7.284148275596315e-22 5839.4101055089495
79 7.823241861111722 -0.08505115658044815 0.14741568267345428 78232.41861111722 -4.1689622688767525e-22 7.225891376621432e-22 5864.499146260661
80 7.856494102846429 -0.03968433663249016 0.1513153314590454 78564.9410284643 -1.928780479258818e-22 7.354389219948287e-22 5889.425864202721
81 7.889534236710115 0.15865112841129303 0.1528884470462799 78895.34236710116 7.64648233984471e-22 7.368739333986653e-22 5914.193580742216
82 7.92236669345984 0.15276162326335907 0.1562172919511795 79223.6669345984 7.301727799152293e-22 7.466902478391059e-22 5938.805617286237
83 7.954995903852659 -0.1816997081041336 0.15686097741127014 79549.95903852659 -8.61381546611478e-22 7.436288849075709e-22 5963.265295241874
84 7.98742629864563 -0.08557520061731337 0.156712606549263 79874.2629864563 -4.023976658775726e-22 7.369049284618974e-22 5987.575936016215
85 8.019662308595805 -0.11406721919775008 0.16056033968925476 80196.62308595805 -5.320714376916631e-22 7.489405928851524e-22 6011.740861016346
86 8.051708364460243 -0.03889870271086693 0.16300125420093536 80517.08364460243 -1.8000323072185933e-22 7.542861412621516e-22 6035.763391649358
87 8.083568896996002 -0.04590675607323647 0.16929294168949127 80835.68896996003 -2.1076164104987596e-22 7.772376281982546e-22 6059.646849322341
88 8.115248336960137 -0.20781974494457245 0.17271310091018677 81152.48336960137 -9.46682684288266e-22 7.867611521947251e-22 6083.394555442382
89 8.146751115109701 0.27979332208633423 0.17065420746803284 81467.51115109702 1.2647063586629173e-21 7.713817460261084e-22 6107.009831416568
90 8.17808166220175 0.2209743708372116 0.1746097356081009 81780.8166220175 9.91197675732969e-22 7.832255090912685e-22 6130.495998651987
91 8.20924440899335 -0.2637026607990265 0.18135303258895877 82092.44408993349 -1.173895384106364e-21 8.073088349006741e-22 6153.8563785557335
92 8.240243786241543 -0.11812151968479156 0.1860227733850479 82402.43786241542 -5.218794062404031e-22 8.218777982237671e-22 6177.094292534889
93 8.271084224703392 0.13454152643680573 0.19259513914585116 82710.84224703391 5.9000096069988665e-22 8.445817446225665e-22 6200.213061996546
94 8.301770155135948 -0.12555332481861115 0.1934271603822708 83017.70155135948 -5.465225199733652e-22 8.419713239464994e-22 6223.2160083477875
95 8.332306008296271 -0.06868141144514084 0.1955260932445526 83323.06008296271 -2.9677686564575854e-22 8.448810221587846e-22 6246.106452995706
96 8.362696214941417 -0.016884183511137962 0.19317832589149475 83626.96214941418 -7.24283642266914e-23 8.286802935505801e-22 6268.887717347389
97 8.392944788187377 0.19900113344192505 0.1919051855802536 83929.44788187377 8.475163249338999e-22 8.172957349823286e-22 6291.562809735665
98 8.423053894497395 -0.14872139692306519 0.19744764268398285 84230.53894497395 -6.288622884128779e-22 8.34899207436913e-22 6314.133354195948
99 8.453024578162477 0.05405312404036522 0.19474202394485476 84530.24578162478 2.269435220573498e-22 8.176297224489428e-22 6336.600133555081
100 8.482857707326042 -0.14998869597911835 0.20096774399280548 84828.57707326043 -6.253100658821977e-22 8.3784416162824305e-22 6358.963798595235
101 8.512554150131507 -0.09409809857606889 0.19890926778316495 85125.54150131506 -3.895671493189339e-22 8.234865273155582e-22 6381.2250000985805
102 8.5421147747223 0.020564381033182144 0.20611430704593656 85421.147747223 8.454853601082477e-23 8.474197634978827e-22 6403.384388847302
103 8.571540449241834 -0.09084630012512208 0.20701900124549863 85715.40449241834 -3.709460419669156e-22 8.453055217240031e-22 6425.442615623564
104 8.60083204183353 0.20895314216613767 0.20763427019119263 86008.3204183353 8.474014980943191e-22 8.4205286310478425e-22 6447.400331209542
105 8.629990420640809 -0.06194525212049484 0.21866585314273837 86299.90420640809 -2.495218905729156e-22 8.808087014285243e-22 6469.258186387413
106 8.6590164538071 -0.16918630897998807 0.2215295732021332 86590.164538071 -6.769386964491918e-22 8.863716066182155e-22 6491.016831939355
107 8.687911009475812 -0.2414279729127884 0.2237470746040344 86879.11009475811 -9.595732112781218e-22 8.89299182284217e-22 6512.676918647535
108 8.716674955790367 0.4993157088756561 0.2277626991271973 87166.74955790368 1.9714909203980616e-21 8.992949457683632e-22 6534.239097294128
109 8.745309160894188 0.5861483216285706 0.22801233828067777 87453.09160894188 2.299208976143054e-21 8.943948067439923e-22 6555.70401866131
110 8.773814492930692 0.6269345283508301 0.2294965088367462 87738.14492930692 2.4432423543894577e-21 8.943766298044417e-22 6577.072333531253
111 8.8021918200433 0.5959387421607971 0.23232561349868772 88021.91820043299 2.30749738466089e-21 8.995735762943734e-22 6598.344692686132
112 8.83044201037543 0.09708595275878906 0.24058952927589417 88304.4201037543 3.7351905825319833e-22 9.256207705349727e-22 6619.521746908118
113 8.85856593207051 -0.5384398698806763 0.2404762953519821 88585.6593207051 -2.058408760851755e-21 9.193199479068867e-22 6640.604146979394
114 8.88656445327195 -0.17467853426933289 0.24228693544864652 88865.6445327195 -6.63579565221771e-22 9.204145200579153e-22 6661.592543682121
115 8.914438442123178 0.16093739867210388 0.24685020744800568 89144.38442123178 6.075615079210985e-22 9.318945472289565e-22 6682.487587798484
116 8.942188766767611 0.03889239579439163 0.250680536031723 89421.88766767611 1.4591444398977186e-22 9.40490044056413e-22 6703.289930110654
117 8.969816295348668 0.0032005780376493926 0.2789452373981476 89698.16295348668 1.1933905052054434e-23 1.0400952386329354e-21 6724.000221400801
118 8.997321896009769 0.3170130252838135 0.2822580337524414 89973.21896009769 1.1748213882506203e-21 1.0460225562058791e-21 6744.619112451101
119 9.024706436894338 -0.1419785767793655 0.2904265820980072 90247.06436894338 -5.229713598481709e-22 1.069772553163989e-21 6765.147254043732
120 9.051970786145784 -0.16870851814746857 0.2865889072418213 90519.70786145783 -6.176920022235686e-22 1.049287124758741e-21 6785.585296960858
121 9.07911581190754 0.15252844989299774 0.3003513514995575 90791.15811907541 5.551176034029609e-22 1.0931096627562914e-21 6805.933891984663
122 9.106142382323021 -0.49073705077171326 0.2949510216712952 91061.42382323022 -1.7754204996708953e-21 1.0670930378103756e-21 6826.193689897317
123 9.133051365535641 0.25457483530044556 0.3049008250236511 91330.51365535641 9.155981907312776e-22 1.0965995260869379e-21 6846.3653414809905
124 9.159843629688831 0.4256037771701813 0.30072614550590515 91598.4362968883 1.5217755733892581e-21 1.0752670137309425e-21 6866.449497517864
125 9.186520042926002 -0.1486847847700119 0.31341427564620966 91865.20042926002 -5.285495767937472e-22 1.114135404037211e-21 6886.446808790106
126 9.213081473390575 0.549211323261261 0.3172692656517029 92130.81473390576 1.9411134278144283e-21 1.1213454743291585e-21 6906.357926079892
127 9.239528789225975 -0.2182472795248032 0.3222767114639282 92395.28789225976 -7.669559968993411e-22 1.1325321307850162e-21 6926.183500169397
128 9.265862858575616 0.5147390365600586 0.31694445013999933 92658.62858575616 1.798608427383681e-21 1.1074717838459034e-21 6945.924181840792
129 9.292084549582922 -0.1992889791727066 0.32376453280448914 92920.84549582923 -6.924337562032381e-22 1.1249266894027122e-21 6965.580621876254
130 9.31819473039131 -0.0541306771337986 0.3222878873348236 93181.9473039131 -1.8702564038752976e-22 1.1135293646697002e-21 6985.1534710579535
131 9.3441942691442 -0.41411077976226807 0.3267768919467926 93441.942691442 -1.4228334692877353e-21 1.1227650222450992e-21 7004.643380168066
132 9.370084033985009 -0.21813182532787323 0.32315561175346375 93700.8403398501 -7.453380909462535e-22 1.1041955312153978e-21 7024.050999988763
133 9.395864893057162 -0.3284813463687897 0.33961641788482666 93958.64893057162 -1.1162422080680544e-21 1.1540813029008615e-21 7043.376981302221
134 9.421537714504078 0.7991803884506226 0.3259395360946655 94215.37714504078 2.7009869804699445e-21 1.1015766354312862e-21 7062.621974890613
135 9.447103366469172 -0.1401212066411972 0.34082266688346863 94471.03366469171 -4.710074632960353e-22 1.1456511374016002e-21 7081.786631536111
136 9.472562717095864 -0.18242865800857544 0.33892759680747986 94725.62717095863 -6.099290790291891e-22 1.1331651465015172e-21 7100.871602020887
137 9.497916634527584 -0.35696721076965326 0.35227042436599726 94979.16634527584 -1.1871152219475427e-21 1.1714957855797183e-21 7119.877537127124
138 9.523165986907738 -0.6398411989212036 0.355946809053421 95231.65986907738 -2.1165607936127638e-21 1.1774531898294014e-21 7138.805087636985
139 9.548311642379753 0.019495436921715736 0.3588147759437561 95483.11642379753 6.415064938012157e-23 1.180696845954505e-21 7157.654904332649
140 9.573354469087048 0.22946161031723025 0.3557319045066833 95733.54469087049 7.511090805535906e-22 1.164436453436364e-21 7176.4276379962885
141 9.598295335173043 -0.409069299697876 0.36687430739402765 95982.95335173044 -1.3320788237686289e-21 1.1946765406871333e-21 7195.123939410078
142 9.623135108781153 -0.22158589959144592 0.3644647002220154 96231.35108781152 -7.178442220417381e-22 1.1807108650637617e-21 7213.744459356186
143 9.6478746580548 0.1079225018620491 0.3725682497024536 96478.746580548 3.4783233651012547e-22 1.2007809545514532e-21 7232.2898486167915
144 9.672514851137406 0.056595083326101296 0.37245702743530273 96725.14851137405 1.8147681474319573e-22 1.1943142583289502e-21 7250.760757974067
145 9.697056556172384 0.3225481510162353 0.3764772415161133 96970.56556172385 1.0290487614571575e-21 1.201102650498416e-21 7269.157838210184
146 9.721500641303162 -0.2812328338623047 0.3847315907478333 97215.00641303162 -8.927310896473198e-22 1.2212722373598218e-21 7287.481740107318
147 9.745847974673152 -0.1937730312347412 0.38401991128921514 97458.47974673152 -6.120336811740819e-22 1.2129299854207169e-21 7305.73311444764
148 9.770099424425776 -0.281586617231369 0.38453659415245056 97700.99424425776 -8.849837548735576e-22 1.2085398174292721e-21 7323.912612013325
149 9.794255858704457 1.0471436977386475 0.3907986581325531 97942.55858704456 3.2747989907140413e-21 1.2221694634543879e-21 7342.020883586549
150 9.818318145652608 -0.3541696667671204 0.3913468718528748 98183.18145652607 -1.1021949489639352e-21 1.2178923999516234e-21 7360.058579949481
151 9.84228715341365 -0.30107742547988886 0.398270845413208 98422.8715341365 -9.324109930450301e-22 1.2334106879010037e-21 7378.026351884296
152 9.866163750131008 -0.016401752829551697 0.3996986448764801 98661.63750131008 -5.054926894990748e-23 1.231848480387507e-21 7395.924850173169
153 9.889948803948093 0.5702521204948425 0.43525394797325134 98899.48803948093 1.749041348917155e-21 1.3349834659519476e-21 7413.754725598271
154 9.913643183008329 -0.0624050498008728 0.40894991159439087 99136.43183008328 -1.9049098252112807e-22 1.2483167742052575e-21 7431.516628941776
155 9.937247755455138 -0.06327986717224121 0.42192402482032776 99372.47755455138 -1.9224478962665982e-22 1.2818088756292297e-21 7449.211210985861
156 9.960763389431925 -0.1627512127161026 0.417520135641098 99607.63389431925 -4.921077904379315e-22 1.2624478059779e-21 7466.839122512688
157 9.984190953082129 -0.453935831785202 0.42876771092414856 99841.90953082129 -1.3661235031697085e-21 1.2903798428737516e-21 7484.401014304444
158 10.007531314549153 0.8857030868530273 0.4386915564537048 100075.31314549153 2.6531114722893582e-21 1.3140945521136418e-21 7501.8975371432925
159 10.030785341976427 0.5591316223144531 0.4438932836055756 100307.85341976427 1.6671145289002455e-21 1.3235183145551153e-21 7519.329341811414
160 10.053953903507365 -0.07159494608640671 0.4404780268669128 100539.53903507364 -2.1248576545105397e-22 1.3072893523828806e-21 7536.697079090978
161 10.077037867285387 0.08859614282846451 0.4579587876796722 100770.37867285387 2.617401146042792e-22 1.3529503852486354e-21 7554.001399764158
162 10.100038101453912 -0.04395445063710213 0.45545849204063416 101000.38101453912 -1.292641476607519e-22 1.3394423753481692e-21 7571.242954613127
163 10.122955474156356 0.08946799486875534 0.4642065167427063 101229.55474156357 2.6192340364127133e-22 1.358994923671524e-21 7588.422394420058
164 10.14579085353614 -0.004566570278257132 0.47290483117103577 101457.90853536139 -1.330882116887467e-23 1.3782347460891951e-21 7605.540369967121
165 10.168545107736689 0.3906376957893372 0.48306113481521606 101685.45107736689 1.1333857951373421e-21 1.4015406968756618e-21 7622.597532036499
166 10.191219104901412 -0.1851096153259277 0.48788338899612427 101912.19104901412 -5.346849444876683e-22 1.4092401537464047e-21 7639.594531410354
167 10.213813713173732 -0.26158106327056885 0.48768624663352966 102138.13713173731 -7.522318022723921e-22 1.402445191031051e-21 7656.532018870863
168 10.23632980069707 0.09126552939414978 0.5001545548439026 102363.29800697071 2.6130004973231384e-22 1.4319799701170904e-21 7673.410645200203
169 10.258768235614845 0.07048297673463821 0.49873942136764526 102587.68235614845 2.0091624617117702e-22 1.4216887112477395e-21 7690.231061180543
170 10.281129886070469 0.1373094618320465 0.5111055970191956 102811.29886070469 3.8970863433005925e-22 1.4506084399080599e-21 7706.993917594054
171 10.303415620207367 0.8246284723281859 0.5054911971092224 103034.15620207367 2.330328480164082e-21 1.4284742434009136e-21 7723.699865222914
172 10.32562630616896 0.6331133842468262 0.5066577792167664 103256.2630616896 1.7814348434452812e-21 1.4256179762699098e-21 7740.349554849296
173 10.34776281209866 0.32228782773017883 0.518710732460022 103477.6281209866 9.029677242874335e-22 1.4532942585874617e-21 7756.943637255367
174 10.369826006139892 0.3039492964744568 0.5229486227035521 103698.26006139892 8.479679897937099e-22 1.4589396899511706e-21 7773.482763223307
175 10.391816756436068 -0.3707859814167023 0.5464627742767334 103918.16756436067 -1.03005781339975e-21 1.5180947462608073e-21 7789.967583535283
176 10.413735931130612 0.2800934612751007 0.5615782737731934 104137.35931130612 7.748383428817226e-22 1.5535256591421228e-21 7806.398748973473
177 10.43558439836694 0.3836810886859894 0.5635085701942444 104355.8439836694 1.0569588970603745e-21 1.5523449406286217e-21 7822.776910320045
178 10.457363026288476 0.4208585023880005 0.5813286304473877 104573.63026288476 1.1545506513070176e-21 1.5947719841660124e-21 7839.102718357179
179 10.479072683038632 0.48393380641937256 0.632891833782196 104790.72683038632 1.3220914947430504e-21 1.7290400038939663e-21 7855.376823867041
180 10.500714236760826 -0.6205363273620604 0.60543292760849 105007.14236760826 -1.6883045307483935e-21 1.6472124349124324e-21 7871.599877631804
181 10.522288555598482 -0.19829189777374268 0.5968595743179321 105222.88555598483 -5.372863523599965e-22 1.6172345272641103e-21 7887.772530433645
182 10.543796507695012 -0.1286811530590057 0.611254870891571 105437.96507695012 -3.4724993039953025e-22 1.649489504311036e-21 7903.895433054731
183 10.565238961193838 0.3381884694099426 0.6116049885749817 105652.38961193839 9.089110899286162e-22 1.643741898537722e-21 7919.96923627724
184 10.586616784238378 -0.21288694441318512 0.6214770674705504 105866.16784238379 -5.698438923701189e-22 1.6635351318624662e-21 7935.994590883342
185 10.607930844972053 -0.4123541414737701 0.6189594268798828 106079.30844972053 -1.0993355083181993e-21 1.6501448821282677e-21 7951.972147655212
186 10.62918201153828 -0.13161642849445343 0.6378752589225769 106291.8201153828 -3.4948751739508363e-22 1.6937812642286692e-21 7967.902557375022
187 10.650371152080476 0.036954931914806366 0.6747124791145325 106503.71152080476 9.773816383946196e-23 1.7844751812897844e-21 7983.786470824944
188 10.67149913474206 0.04481867700815201 0.6653617024421692 106714.9913474206 1.1806724250065812e-22 1.7527831412471554e-21 7999.624538787151
189 10.69256682766645 -0.31036943197250366 0.6779630184173584 106925.66827666451 -8.143971583487934e-22 1.7789482429235556e-21 8015.4174120438165
190 10.713575098997064 0.2054569125175476 0.6913835406303406 107135.75098997063 5.369986275781473e-22 1.807055347514305e-21 8031.165741377109
191 10.734524816877324 0.3009682893753052 0.7042198181152344 107345.24816877324 7.835673761689089e-22 1.833427954393579e-21 8046.870177569208
192 10.75541684945064 -0.4526556432247162 0.70838862657547 107554.1684945064 -1.173909722783414e-21 1.8371234484605815e-21 8062.53137140228
193 10.776252064860437 -0.6117280721664429 0.7288404703140258 107762.52064860436 -1.580316893777815e-21 1.8828609647209947e-21 8078.149973658498
194 10.79703125398734 0.6411942839622498 0.7325515151023864 107970.3125398734 1.65006928323508e-21 1.885170819035143e-21 8093.726577201904
195 10.817754865756193 0.5408053398132324 0.7530626654624939 108177.54865756193 1.3863980980855513e-21 1.9305368683988938e-21 8109.261518557866
196 10.838423140155731 0.6799141764640808 0.7587566971778869 108384.2314015573 1.7363734906593183e-21 1.9377225250568134e-21 8124.754977627984
197 10.859036284251818 -0.5292645692825316 0.7689315080642701 108590.36284251818 -1.3465159681729185e-21 1.9562589565429946e-21 8140.207109634047
198 10.879594505110296 -0.18464280664920807 0.7686271071434021 108795.94505110296 -4.679810092422537e-22 1.9481012873428722e-21 8155.618069797823
199 10.900098009797036 0.8399227857589722 0.7861379384994506 109000.98009797036 2.12080047450749e-21 1.9849940271490785e-21 8170.988013341106
200 10.920547005377884 -1.4235380887985227 0.8085748553276062 109205.47005377884 -3.580977246058817e-21 2.0340082091567163e-21 8186.3170954856705
201 10.9409416989187 0.03802851215004921 0.8468706607818604 109409.416989187 9.530620599599908e-23 2.1224082953857924e-21 8201.605471453298
202 10.961282297485337 -0.3670600354671478 0.8707751631736755 109612.82297485336 -9.165066732330264e-22 2.1742253877313733e-21 8216.85329646577
203 10.981569008143648 0.3705917298793793 0.8692843317985535 109815.69008143648 9.219092830132968e-22 2.1624910391927485e-21 8232.060725744863
204 11.001802037959495 -0.20359738171100616 0.8875492215156555 110018.02037959495 -5.046215474097872e-22 2.199814446530137e-21 8247.227914512365
205 11.021981593998731 0.4368595480918884 0.9040550589561462 110219.81593998731 1.0788069210909458e-21 2.232527270856468e-21 8262.355017990054
206 11.042107883327212 0.17030856013298035 0.9088585376739502 110421.07883327211 4.1903833941201875e-22 2.2362150915371202e-21 8277.442191399708
207 11.06218111301079 1.1148124933242796 0.9384886026382446 110621.8111301079 2.7330120883764293e-21 2.300746279013704e-21 8292.489589963112
208 11.082201490115324 -0.42703139781951904 0.9359394311904908 110822.01490115323 -1.0431072857034421e-21 2.2862141862096857e-21 8307.49736890204
209 11.10216922170667 0.28607138991355896 0.9483553171157838 111021.69221706671 6.96273706991886e-22 2.3082170936184742e-21 8322.465683438284
210 11.12208451485068 -0.45021453499794006 0.95925772190094 111220.8451485068 -1.091863592273289e-21 2.32639886261212e-21 8337.394688793614
211 11.141947576613212 0.48195314407348633 0.9732283353805541 111419.47576613212 1.1646725801186872e-21 2.351872521946769e-21 8352.284540189814
212 11.161758614060123 -0.22650715708732605 0.9854149818420409 111617.58614060123 -5.454286311978845e-22 2.3728766526383034e-21 8367.135392848668
213 11.181517834257267 0.2306114286184311 1.0055533647537231 111815.17834257268 5.533508218277878e-22 2.412819625252949e-21 8381.947401991954
214 11.201225444270497 -0.5565066337585449 1.029311180114746 112012.25444270497 -1.3306398447856212e-21 2.461143112874816e-21 8396.720722841452
215 11.220881651165673 1.604171633720398 1.1110973358154297 112208.81651165673 3.822241500848347e-21 2.647398980984591e-21 8411.455510618945
216 11.240486662008644 0.6156580448150635 1.0806849002838135 112404.86662008644 1.4618088413333314e-21 2.565961340446462e-21 8426.15192054621
217 11.26004068386527 0.604503870010376 1.1168001890182495 112600.4068386527 1.4303437443321187e-21 2.642511062838625e-21 8440.81010784503
218 11.279543923801413 -0.03810473531484604 1.1245911121368408 112795.43923801412 -8.984980200536263e-23 2.6517514930255322e-21 8455.43022773719
219 11.298996588882915 0.23947811126708984 1.1408190727233887 112989.96588882915 5.627394009420066e-22 2.6807620879036032e-21 8470.012435444463
220 11.31839888617564 -0.1948138326406479 1.1478351354599 113183.9888617564 -4.562165693483741e-22 2.6880093706845945e-21 8484.556886188635
221 11.337751022745438 -0.045294281095266335 1.1770002841949463 113377.51022745439 -1.057087152099126e-22 2.746907221736492e-21 8499.063735191483
222 11.357053205658172 0.02098317444324493 1.1762175559997559 113570.53205658172 4.8804641292068707e-23 2.7357574544914513e-21 8513.533137674793
223 11.376305641979693 0.8261983990669249 1.207333207130432 113763.05641979692 1.9151513491401874e-21 2.7986326566463094e-21 8527.965248860339
224 11.395508538775855 0.1430341005325317 1.2212642431259155 113955.08538775856 3.3044061533787563e-22 2.8213922867777096e-21 8542.360223969907
225 11.41466210311252 -0.2238679081201553 1.256333589553833 114146.62103112519 -5.154505125165162e-22 2.892678088900831e-21 8556.718218225276
226 11.433766542055531 -1.843568444252014 1.2390797138214111 114337.66542055532 -4.2305991687090976e-21 2.8434255444115125e-21 8571.039386848224
227 11.452822062670759 0.6269370317459105 1.2763962745666504 114528.22062670758 1.4339042482398558e-21 2.9193203589230854e-21 8585.323885060538
228 11.471828872024046 2.381757974624634 1.2598228454589844 114718.28872024047 5.429421556973361e-21 2.871874215590916e-21 8599.571868083993
229 11.490787177181252 2.5344784259796143 1.2820063829421997 114907.87177181253 5.7585122007085875e-21 2.912808143042494e-21 8613.78349114037
230 11.509697185208235 -0.3567313551902771 1.298823595046997 115096.97185208235 -8.078574660874159e-22 2.9413291630323536e-21 8627.95890945145
231 11.528559103170853 -1.300493597984314 1.349345326423645 115285.59103170852 -2.9354819381881486e-21 3.0457503522004866e-21 8642.09827823902
232 11.54737313813495 0.503750205039978 1.3680428266525269 115473.7313813495 1.1333657682810196e-21 3.077900304074974e-21 8656.20175272485
233 11.566139497166393 -1.2217291593551636 1.4060521125793457 115661.39497166393 -2.73980303392468e-21 3.153158631275011e-21 8670.269488130729
234 11.584858387331032 1.2875645160675049 1.4158967733383179 115848.58387331032 2.8781193244391903e-21 3.164983046599008e-21 8684.301639678435
235 11.603530015694721 0.7693236470222473 1.4609103202819824 116035.30015694721 1.714154947152683e-21 3.2551016240702567e-21 8698.298362589747
236 11.62215458932332 0.46459880471229553 1.451977252960205 116221.5458932332 1.031872521009705e-21 3.2248370276987544e-21 8712.259812086446
237 11.64073231528268 -1.591040015220642 1.489551305770874 116407.3231528268 -3.5224249781546594e-21 3.2977377536055222e-21 8726.186143390314
238 11.659263400638656 0.3353863060474396 1.5379129648208618 116592.63400638656 7.401578564772327e-22 3.393991772965666e-21 8740.077511723131
239 11.677748052457112 4.161437511444092 1.5426042079925537 116777.48052457112 9.15474875895356e-21 3.393575878489098e-21 8753.93407230668
240 11.696186477803892 2.026416063308716 1.5885728597640991 116961.86477803891 4.443869598779026e-21 3.483692596388418e-21 8767.755980362737
241 11.714578883744856 -1.6458431482315063 1.6294207572937012 117145.78883744856 -3.597960044567835e-21 3.562059231969753e-21 8781.543391113086
242 11.732925477345859 0.915710210800171 1.6631338596343994 117329.25477345858 1.9955687167765726e-21 3.62439761286286e-21 8795.296459779503
243 11.751226465672756 -0.4798448085784912 1.676363468170166 117512.26465672757 -1.0424510315323831e-21 3.6418583579014355e-21 8809.015341583776
244 11.769482055791403 0.0677172839641571 1.7214040756225584 117694.82055791403 1.4665810984409074e-22 3.728115677857741e-21 8822.70019174768
245 11.787692454767658 1.7918940782546997 1.7828257083892822 117876.92454767658 3.868797478359448e-21 3.849218371037251e-21 8836.351165492997
246 11.80585786966737 -1.1802563667297363 1.7855488061904907 118058.5786966737 -2.540402349063185e-21 3.843243306690823e-21 8849.968418041508
247 11.8239785075564 2.3808765411376958 1.8427100181579588 118239.78507556401 5.108940765409189e-21 3.954130408667265e-21 8863.552104614993
248 11.8420545755006 0.24384938180446625 1.875485181808472 118420.545755006 5.2166151360652e-22 4.012183387339174e-21 8877.102380435232
249 11.86008628056583 0.7350410819053651 1.9351264238357544 118600.8628056583 1.5676791074838555e-21 4.127194165968858e-21 8890.61940072401
250 11.878073829817936 -0.13525618612766263 1.9478996992111208 118780.73829817936 -2.8759832429000283e-22 4.141863713718482e-21 8904.103320703101
251 11.896017430322784 -0.07508120685815811 2.0445976257324214 118960.17430322785 -1.5916563853676135e-22 4.334369415042065e-21 8917.554295594291
252 11.913917289146216 2.25026535987854 2.029649019241333 119139.17289146216 4.756043608429233e-21 4.289760406674188e-21 8930.972480619354
253 11.931773613354103 -1.1963846683502195 2.101410150527954 119317.73613354104 -2.521053628576733e-21 4.428147422201546e-21 8944.358031000078
254 11.949586610012286 -6.177108287811279 2.103092193603516 119495.86610012286 -1.2977788938912358e-20 4.418489256779968e-21 8957.711101958235
255 11.967356486186633 -1.068787693977356 2.1450414657592773 119673.56486186633 -2.238804871604356e-21 4.4932490431883324e-21 8971.031848715616
256 11.98508344894299 -0.7304022312164306 2.1445982456207275 119850.83448942991 -1.5254613950783401e-21 4.4790413991462114e-21 8984.320426493996
257 12.002767705347216 -0.193184107542038 2.243850946426392 120027.67705347216 -4.022813032938746e-22 4.672533857005701e-21 8997.576990515154
258 12.020409462465164 -1.6068103313446045 2.2726523876190186 120204.09462465164 -3.336163655358247e-21 4.718628047713027e-21 9010.801696000872
259 12.038008927362684 0.7759861350059509 2.3460872173309326 120380.08927362684 1.6064451219590045e-21 4.856865601010705e-21 9023.994698172926
260 12.055566307105645 8.964702606201172 2.39629578590393 120555.66307105645 1.8504694070638122e-20 4.946368258801837e-21 9037.156152253106
261 12.073081808759895 -3.389986276626587 2.451775312423706 120730.81808759895 -6.977227885700753e-21 5.0462136667816606e-21 9050.28621346319
262 12.090555639391283 -0.4348963797092438 2.491132974624634 120905.55639391283 -8.925129518956608e-22 5.1124096416560535e-21 9063.38503702495
263 12.107988006065678 2.972966194152832 2.5444021224975586 121079.88006065678 6.083692596003338e-21 5.2067058092816725e-21 9076.45277816018
264 12.12537911584892 1.9653791189193723 2.592737436294556 121253.7911584892 4.010300715735686e-21 5.2904076859246e-21 9089.489592090646
265 12.142729175806874 -0.3052140474319458 2.5963759422302246 121427.29175806874 -6.210022233163123e-22 5.282703225019368e-21 9102.495634038136
266 12.160038393005392 3.118479967117309 2.6661405563354488 121600.38393005393 6.3269488139267195e-21 5.409216993066527e-21 9115.471059224432
267 12.177306974510328 -0.654249370098114 2.7386887073516846 121773.06974510328 -1.3236161560629897e-21 5.540658937026319e-21 9128.41602287131
268 12.194535127387535 -0.530903697013855 2.763676404953003 121945.35127387535 -1.07104201126463e-21 5.575424605054538e-21 9141.330680200552
269 12.211723058702878 -2.4617195129394527 2.852535486221313 122117.23058702878 -4.952288414901647e-21 5.7385004129254334e-21 9154.215186433941
270 12.228870975522204 -4.4080729484558105 2.907581090927124 122288.70975522204 -8.842952698681084e-21 5.832844046661051e-21 9167.069696793256
271 12.245979084911369 1.4531068801879883 2.992034912109375 122459.79084911369 2.9069113464634227e-21 5.985506196144516e-21 9179.894366500277
272 12.263047593936227 -1.8671914339065552 3.0044503211975098 122630.47593936227 -3.724888467535732e-21 5.993623444007672e-21 9192.689350776782
273 12.280076709662636 2.2356317043304443 3.1755206584930415 122800.76709662635 4.4475348025238946e-21 6.31733689293479e-21 9205.454804844554
274 12.297066639156451 3.332064390182495 3.1641318798065186 122970.66639156452 6.610458558646219e-21 6.27729846013173e-21 9218.190883925376
275 12.314017589483527 -4.84281063079834 3.287829875946045 123140.17589483527 -9.581184485938938e-21 6.504756638528272e-21 9230.897743241025
276 12.330929767709716 -4.382769107818604 3.3092191219329834 123309.29767709716 -8.647253647290004e-21 6.529127229350995e-21 9243.57553801328
277 12.347803380900872 -3.5871224403381348 3.468055725097656 123478.03380900873 -7.058103860079509e-21 6.823825477776341e-21 9256.224423463924
278 12.364638636122859 0.2275083363056183 3.5173470973968506 123646.3863612286 4.46432406598753e-22 6.901978868258452e-21 9268.844554814737
279 12.38143574044152 10.058326721191406 3.6475791931152335 123814.35740441519 1.968362022804617e-20 7.138122033532326e-21 9281.436087287495
280 12.398194900922716 -0.04932152479887009 3.6596705913543697 123981.94900922716 -9.625888589555331e-23 7.142435585782268e-21 9293.999176103986
281 12.414916324632305 0.26375722885131836 3.7170464992523193 124149.16324632305 5.133789204582661e-22 7.234885380734067e-21 9306.533976485985
282 12.431600218636138 -4.701286792755127 3.7443790435791016 124316.00218636138 -9.126072805345387e-21 7.268536736616886e-21 9319.040643655277
283 12.448246790000068 -13.1871280670166 4.128006458282472 124482.46790000069 -2.55302518537667e-20 7.991811712022734e-21 9331.519332833635
284 12.464856245789958 -1.7422801256179807 3.9398710727691646 124648.56245789958 -3.3640674030744192e-21 7.607268000900513e-21 9343.970199242847
285 12.481428793071652 10.121606826782227 4.022826194763184 124814.28793071653 1.949135857279735e-20 7.746828065944413e-21 9356.393398104687
286 12.497964638911014 -0.9621652364730835 3.974197626113892 124979.64638911014 -1.847959007250111e-21 7.63294496763356e-21 9368.789084640941
287 12.514463990373894 3.68186354637146 4.112090587615967 125144.63990373893 7.052846596955287e-21 7.876974184939866e-21 9381.157414073383
288 12.530927054526147 -2.467599391937256 4.462461471557617 125309.27054526148 -4.714433406920205e-21 8.525685938870771e-21 9393.4985416238
289 12.547354038433635 -1.6060047149658203 4.548865795135497 125473.54038433635 -3.0602983355938503e-21 8.668023382477572e-21 9405.81262251397
290 12.563745149162203 -1.960755467414856 4.602236747741699 125637.45149162204 -3.7265457107817806e-21 8.746855942679585e-21 9418.09981196567
291 12.580100593777708 -0.0031808330677449703 4.672497749328612 125801.00593777708 -6.029675005371988e-24 8.857315769719758e-21 9430.360265200681
292 12.596420579346008 3.570995092391968 4.702946186065674 125964.20579346007 6.751747658774311e-21 8.891948904875483e-21 9442.594137440785
293 12.61270531293296 -0.5106717348098755 4.9516448974609375 126127.0531293296 -9.630449932329109e-22 9.338008160060846e-21 9454.801583907765
294 12.628955001604412 -4.325336456298828 4.938714027404785 126289.55001604412 -8.135913429494627e-21 9.289670338010826e-21 9466.982759823397
295 12.645169852426227 4.054933071136475 5.038665294647217 126451.69852426226 7.60773910146856e-21 9.4533868522167e-21 9479.137820409465
296 12.661350072464252 -6.695139408111572 5.063033103942871 126613.50072464252 -1.25291279892596e-20 9.474842255906228e-21 9491.266920887745
297 12.677495868784344 -3.0181529521942134 5.248993873596192 126774.95868784345 -5.633723707607062e-21 9.797840498860251e-21 9503.370216480018
298 12.69360744845236 4.84156322479248 5.280571460723877 126936.0744845236 9.014398128752803e-21 9.831777730494278e-21 9515.447862408066
299 12.709685018534156 3.7404282093048096 5.401212692260742 127096.85018534157 6.946611373802482e-21 1.0030970632466231e-20 9527.50001389367
300 12.725728786095589 1.2820667028427124 5.403974056243896 127257.28786095588 2.3750160527653845e-21 1.0010809191010941e-20 9539.526826158612
301 12.741738958202504 -1.0913591384887695 5.5651655197143555 127417.38958202503 -2.0166546741625474e-21 1.0283523234488118e-20 9551.528454424666
302 12.757715741920759 -15.815204620361328 5.6135544776916495 127577.1574192076 -2.91507831924759e-20 1.0346973905583456e-20 9563.505053913614
303 12.773659344316211 5.856690406799316 5.787571430206299 127736.59344316211 1.0768193772126909e-20 1.0641110644697016e-20 9575.456779847234
304 12.789569972454714 -1.9786726236343384 5.707319736480713 127895.69972454714 -3.62896947480264e-21 1.0467466350540009e-20 9587.383787447312
305 12.805447833402129 24.884666442871094 6.487657070159912 128054.47833402129 4.552642370709739e-20 1.1869149434673667e-20 9599.286231935628
306 12.821293134224304 3.333904504776001 6.04810094833374 128212.93134224303 6.084301843969991e-21 1.1037650208561102e-20 9611.16426853396
307 12.837106081987088 2.4304597377777095 5.982295036315918 128371.06081987088 4.4246143713387995e-21 1.0890675611633222e-20 9623.018052464084
308 12.852886883756348 0.7022196650505066 5.843441963195801 128528.86883756348 1.2752427737684134e-21 1.061178931376778e-20 9634.847738947787
309 12.868635746597935 -5.497925758361816 5.962545394897461 128686.35746597935 -9.959903015306281e-21 1.0801596177834674e-20 9646.653483206848
310 12.8843528775777 5.775161743164063 6.101518630981444 128843.528775777 1.0436627546407732e-20 1.1026405882813021e-20 9658.435440463043
311 12.900038483761499 7.2890625 6.09799861907959 129000.38483761498 1.3140470542974536e-20 1.0993261647175444e-20 9670.193765938155
312 12.915692772215188 2.675677299499512 6.032690525054932 129156.92772215187 4.8119330602549485e-21 1.084917937795731e-20 9681.928614853963
313 12.93131595000462 -6.913355350494385 6.244014263153076 129313.15950004621 -1.2402941328928388e-20 1.1202106449994861e-20 9693.64014243225
314 12.946908224195656 -1.741406202316284 6.128175258636475 129469.08224195657 -3.1166583893237562e-21 1.0967819458591033e-20 9705.328503894796
315 12.962469801854143 -8.911914825439453 6.367069721221924 129624.69801854143 -1.5911706762963668e-20 1.1368033506585087e-20 9716.993854463375
316 12.978000890045932 -7.637708663940429 6.29562520980835 129780.00890045932 -1.3604066429170833e-20 1.121358608135349e-20 9728.63634935977
317 12.993501695836885 11.44123649597168 6.496055603027344 129935.01695836885 2.0330207094039606e-20 1.1542996751307529e-20 9740.256143805762
318 13.008972426292862 28.48848533630371 6.52999210357666 130089.72426292862 5.050154071093997e-20 1.1575717633560943e-20 9751.853393023135
319 13.024413288479709 -6.153020381927489 6.646581172943115 130244.13288479709 -1.0881612865317525e-20 1.1754474829029972e-20 9763.428252233665
320 13.03982448946328 -17.640893936157227 6.66510009765625 130398.2448946328 -3.112421104718029e-20 1.1759380382920873e-20 9774.98087665913
321 13.055206236309434 -0.27735674381256104 6.692728042602539 130552.06236309434 -4.8819408257785055e-22 1.1780316504254499e-20 9786.511421521316
322 13.07055873608402 27.33066177368164 7.06175661087036 130705.5873608402 4.7993574435752134e-20 1.240068551422114e-20 9798.020042041995
323 13.0858821958529 10.810257911682127 7.006071090698241 130858.821958529 1.8938749408055613e-20 1.2274103523318276e-20 9809.506893442955
324 13.10117682268192 -3.7226185798645015 6.812472343444824 131011.7682268192 -6.5065261396585e-21 1.1907083260713146e-20 9820.972130945967
325 13.11644282363694 -7.368636131286621 7.143373012542725 131164.4282363694 -1.2849204025789502e-20 1.2456397036727256e-20 9832.415909772819
326 13.131680405783817 2.620314359664917 6.900072574615479 131316.80405783816 4.5586268339076295e-21 1.200422990414579e-20 9843.838385145289
327 13.146889776188402 0.9844653010368348 7.084667205810546 131468.89776188403 1.708738577652515e-21 1.2296872374931149e-20 9855.23971228516
328 13.16207114191655 8.032360076904297 7.029662132263184 131620.7114191655 1.3909642110320333e-20 1.2173269559640687e-20 9866.620046414206
329 13.177224710034116 3.651766061782837 7.069046497344971 131772.24710034116 6.30922911642994e-21 1.2213332735961622e-20 9877.97954275421
330 13.192350687606956 8.752329826354979 7.081456184387207 131923.50687606956 1.5086918878601592e-20 1.2206733191716924e-20 9889.318356526954
331 13.20744928170092 -10.337472915649414 7.34579849243164 132074.49281700922 -1.777860725889402e-20 1.263346153025578e-20 9900.636642954214
332 13.222520699381864 -14.142831802368164 7.291174888610838 132225.20699381863 -2.4267728079927103e-20 1.2510949154494834e-20 9911.93455725777
333 13.237565147715642 3.5276870727539062 7.3953819274902335 132375.6514771564 6.039417977325872e-21 1.2660930984223708e-20 9923.212254659402
334 13.252582833768113 5.411951541900635 7.266932010650634 132525.82833768113 9.244301452823745e-21 1.2412843984932791e-20 9934.469890380895
335 13.267573964605125 7.916218757629394 7.5531344413757315 132675.73964605125 1.3491368569392975e-20 1.2872575117326839e-20 9945.707619644023
336 13.282538747292534 -3.001986503601074 7.549295425415038 132825.38747292533 -5.1046715927611946e-21 1.2837057680722743e-20 9956.925597670564
337 13.297477388896194 8.433567047119139 7.629338264465331 132974.77388896194 1.430849762053837e-20 1.2944032791044744e-20 9968.123979682305
338 13.312390096481966 -1.4802769422531128 7.634360790252685 133123.90096481965 -2.505833196299216e-21 1.292355109687926e-20 9979.302920901024
339 13.3272770771157 -7.066986083984375 7.892530441284179 133272.770771157 -1.1936380020425448e-20 1.3330752537272495e-20 9990.4625765485
340 13.342138537863248 1.0966743230819702 7.840380668640136 133421.38537863246 1.848196052535969e-21 1.3213184896530974e-20 10001.603101846511
341 13.356974685790467 -6.8458237648010245 8.075523376464844 133569.74685790468 -1.1511469406492423e-20 1.3579248237087998e-20 10012.724652016843
342 13.371785727963214 2.8152663707733154 7.9836883544921875 133717.85727963215 4.723478357202141e-21 1.3395101630376804e-20 10023.827382281272
343 13.386571871447336 30.702295303344727 8.166242599487305 133865.71871447336 5.139884396668114e-20 1.3671141685598543e-20 10034.911447861572
344 13.401333323308695 -7.134791851043701 8.016755104064941 134013.33323308695 -1.191808679193364e-20 1.3391334339479914e-20 10045.977003979531
345 13.416070290613138 -0.2293458729982376 8.131996154785154 134160.7029061314 -3.822623578644261e-22 1.3554008989281038e-20 10057.024205856926
346 13.430782980426525 -6.584997177124024 7.992968082427978 134307.82980426526 -1.0951514550319347e-20 1.3293112191306784e-20 10068.053208715537
347 13.445471599814708 -5.071406841278076 8.40500259399414 134454.7159981471 -8.415843048134153e-21 1.3947842258379866e-20 10079.064167777144
348 13.460136355843536 10.817574501037596 8.403575897216797 134601.36355843538 1.7912336145280728e-20 1.3915104192616203e-20 10090.057238263522
349 13.474777455578872 3.774535179138184 8.595810890197756 134747.77455578872 6.236508657718901e-21 1.4202503485229847e-20 10101.032575396457
350 13.489395106086574 11.06251049041748 8.71550178527832 134893.95106086574 1.8238537038200423e-20 1.436907131116327e-20 10111.990334397731
351 13.503989514432485 0.8214082121849059 9.047874450683592 135039.89514432484 1.3513134862109651e-21 1.4884821682303896e-20 10122.930670489119
352 13.518560887682463 -2.9010324478149414 9.140176773071287 135185.60887682464 -4.7622579800131445e-21 1.5004271947759407e-20 10133.853738892401
353 13.533109432902364 6.8726677894592285 9.63565731048584 135331.09432902365 1.1257745303232994e-20 1.5783648963370013e-20 10144.75969482936
354 13.54763535715804 -8.383429527282713 9.596990585327148 135476.3535715804 -1.3703010010205816e-20 1.5686618183002004e-20 10155.648693521769
355 13.562138867515348 -2.1831414699554443 10.038838386535645 135621.3886751535 -3.560793267835829e-21 1.6373757099853707e-20 10166.520890191416
356 13.576620171040137 1.8533931970596316 10.226772308349608 135766.20171040136 3.0165149581751214e-21 1.6644720446222268e-20 10177.376440060072
357 13.591079474798269 6.8947434425354 10.724129676818848 135910.7947479827 1.1197767889769003e-20 1.7417082439929285e-20 10188.215498349527
358 13.605516985855589 -2.314608335494995 10.668474197387695 136055.1698585559 -3.751186612512964e-21 1.7289939283236135e-20 10199.03822028155
359 13.619932911277958 -2.416104793548584 11.224939346313477 136199.32911277958 -3.907392917876864e-21 1.8153288972604604e-20 10209.84476107793
360 13.634327458131228 -31.087158203125 11.042398452758787 136343.2745813123 -5.016892987195505e-20 1.7820390978643775e-20 10220.635275960442
361 13.648700833481252 0.3870095312595368 11.075387001037596 136487.0083348125 6.232471289572719e-22 1.78360029739378e-20 10231.409920150863
362 13.663053244393888 24.572769165039062 11.178439140319824 136630.5324439389 3.94893362583959e-20 1.7964159394951195e-20 10242.168848870982
363 13.677384897934989 16.91124725341797 11.603513717651367 136773.8489793499 2.712006690865148e-20 1.860821166425546e-20 10252.912217342571
364 13.691696001170403 -23.774396896362305 12.590934753417969 136916.96001170404 -3.8046636368927453e-20 2.0149521276877586e-20 10263.64018078741
365 13.705986761165992 -23.461505889892575 12.281046867370604 137059.86761165992 -3.746765588267954e-20 1.9612638679938047e-20 10274.35289442728
366 13.720257384987605 1.6721947193145752 11.576748847961424 137202.57384987603 2.6649163733969012e-21 1.8449446825356452e-20 10285.05051348396
367 13.734508079701095 32.26727294921875 11.905235290527344 137345.08079701095 5.131653203828606e-20 1.8933592224268586e-20 10295.73319317923
368 13.748739052372322 -21.738195419311523 12.015676498413084 137487.3905237232 -3.4499992831746346e-20 1.9069694842082872e-20 10306.401088734874
369 13.762950510067132 -17.494977951049805 12.284008026123047 137629.50510067132 -2.770840697169143e-20 1.945531423838788e-20 10317.054355372662
370 13.777142659851387 -23.359838485717773 12.350029945373535 137771.42659851388 -3.692094254064234e-20 1.9519601827175813e-20 10327.693148314384
371 13.79131570879094 -9.646824836730957 12.709677696228027 137913.1570879094 -1.5215780927401494e-20 2.0046769248608054e-20 10338.317622781815
372 13.805469863951645 -6.700859546661377 12.762167930603027 138054.69863951646 -1.0547496384186998e-20 2.0088306457563342e-20 10348.927933996736
373 13.819605332399345 4.622320652008057 13.06962203979492 138196.05332399346 7.260893107477705e-21 2.0530191592151848e-20 10359.52423718092
374 13.833722321199907 -5.08570671081543 12.949071884155272 138337.22321199908 -7.972498712866045e-21 2.0299333956811112e-20 10370.106687556154
375 13.847821037419182 8.147433280944824 13.21192455291748 138478.2103741918 1.2746154631390037e-20 2.0669237479194933e-20 10380.675440344214
376 13.86190168812302 -14.533676147460936 13.213699340820312 138619.0168812302 -2.269086774643058e-20 2.0630038893224664e-20 10391.230650766882
377 13.87596448037728 15.454641342163084 13.35066795349121 138759.6448037728 2.4079852734618606e-20 2.0801655056969737e-20 10401.772474045936
378 13.890009621247811 3.266561269760132 12.220243453979492 138900.09621247812 5.079336322630468e-21 1.900185587265693e-20 10412.301065403157
379 13.904037317800473 -10.43700122833252 12.79317569732666 139040.37317800472 -1.6196274914088263e-20 1.9852617249450996e-20 10422.816580060324
380 13.918047777101116 -7.00182580947876 12.391414642333984 139180.47777101115 -1.0843660475819665e-20 1.9190465009093528e-20 10433.319173239217
381 13.93204120621559 4.214871406555176 14.06901741027832 139320.4120621559 6.5144249216235725e-21 2.1744805190908554e-20 10443.809000161611
382 13.946017812209751 -15.327685356140137 15.820158004760742 139460.1781220975 -2.3642717897956062e-20 2.4402349351320414e-20 10454.28621604929
383 13.95997780214946 -4.621165752410889 19.41289710998535 139599.7780214946 -7.113827752922867e-21 2.9884235628986545e-20 10464.750976124033
384 13.973921383100569 -39.63020324707031 26.21782112121582 139739.21383100568 -6.088509151972194e-20 4.027923925752083e-20 10475.203435607622
385 13.987848762128923 -22.723358154296875 36.8123893737793 139878.48762128924 -3.48411043531493e-20 5.644343106998375e-20 10485.643749721832
386 14.001760146300377 -33.345561981201165 65.75013732910156 140017.60146300378 -5.1026294140179294e-20 1.0061266470792484e-19 10496.07207368844
387 14.015655742680796 144.40567016601562 66.69812774658203 140156.55742680797 2.205355757434188e-19 1.0186102794086992e-19 10506.488562729233
